LAYERED SSZ FIT RESULTS
==================================================

beta_0: 0.0025883902333126993
beta_1: -0.0001751683069464777
r_squared: 0.00018275491264729826
rmse: 0.01295481847348582
n_points: 13035
w_atm: 0.2
w_iono: 0.8
mode_correlation: 0.3760961030030308
